440
390
455
61
205
494
295
249
423
157
246
81
365
168
145
228
129
160
17
158
332
372
483
275
247
427
371
69
274
67
23
268
9
326
342
36
390
408
377
324
489
428
248
250
322
188
274
222
152
398
366
13
122
92
290
314
3
29
276
433
194
384
285
335
259
21
144
116
17
397
125
437
315
163
202
471
50
200
435
7
62
496
79
44
257
50
133
488
357
235
351
379
265
181
292
377
185
236
66
24
84
468
52
115
83
365
276
446
220
66
391
12
134
226
88
85
51
72
350
168
261
99
428
464
424
269
372
220
192
23
8
358
313
142
122
358
464
91
184
157
309
185
109
5
446
358
301
452
3
391
496
44
86
282
406
407
18
386
286
417
291
89
246
4
463
80
60
481
361
113
260
89
215
324
16
251
9
203
229
171
134
95
88
311
340
266
465
205
294
247
142
198
116
491
177
146
319
202
30
444
366
391
428
274
451
236
417
107
215
334
333
190
334
253
334
175
459
311
236
199
53
492
410
266
40
103
288
456
300
290
342
74
191
248
190
473
26
273
131
295
414
228
325
68
212
51
215
491
36
334
100
466
376
150
478
374
1
416
104
47
74
500
497
210
375
58
345
313
154
264
80
256
32
423
98
229
249
101
458
250
140
39
345
27
61
418
396
47
89
181
352
426
329
476
324
63
26
126
303
125
332
190
34
340
274
486
201
135
54
406
281
235
77
204
402
462
76
147
342
191
35
430
158
253
220
207
295
134
381
313
26
466
143
435
11
270
226
359
187
494
493
431
115
36
313
340
184
38
232
261
75
341
12
139
311
120
39
12
237
69
494
221
151
126
253
355
214
394
452
23
208
265
344
244
146
163
264
350
46
126
155
295
45
121
320
439
96
99
374
402
249
174
437
118
61
368
433
136
321
313
469
388
498
98
472
172
447
123
384
312
427
251
418
427
29
142
241
324
316
232
263
355
458
267
440
161
363
343
406
149
184
296
474
172
495
368
26
52
415
466
407
137
186
20
339
169
143
232
303
194
125
128
18
441
219
213
35
209
290
124
29
261
31
307
6
492
391
297
126
225
276
458
260
434
219
237
151
261
58
501
458
342
455
415
487
15
169
153
114
436
187
203
484
412
143
419
64
226
252
86
